00111111111111111111111111101111
11111111111111111111111111111111
11111111111111111111111111111111
11000000011000000000000001111000
00111111110011111111111100000011
11111111111111111111111111111111
11111111111111111111111111111111
11100011000000000000011111111100
00011000001111101111001000000001
11111111111111111111111111111111
11111111111111111111111111111111
11110100111100100001111111111100
00001100000000111111111000000001
11111111111111111111111111111111
11111111111111111111111111111111
11111000111111111111111111111110
00000111111110001110000000010001
11111111111111111111111111111111
11111111111111111111111111111111
11111100000000011111111111111100
00111011111111111111111111111111
11100011111111111111111111111111
11111111111111111111111111111111
